0 0.120 0.616 0.070 0.086
0 0.249 0.564 0.058 0.094
0 0.384 0.826 0.072 0.101
0 0.314 0.541 0.048 0.071
0 0.359 0.419 0.043 0.067
1 0.270 0.369 0.035 0.056
0 0.163 0.442 0.035 0.067
0 0.151 0.363 0.022 0.045
0 0.211 0.322 0.022 0.037
0 0.472 0.476 0.065 0.090
0 0.532 0.395 0.040 0.071
0 0.769 0.466 0.083 0.109
0 0.934 0.534 0.037 0.086
0 0.626 0.360 0.022 0.067
0 0.560 0.262 0.035 0.060
0 0.465 0.232 0.030 0.045
0 0.314 0.260 0.022 0.049
0 0.095 0.341 0.020 0.060
0 0.075 0.285 0.020 0.045
0 0.152 0.251 0.030 0.052
0 0.228 0.215 0.020 0.034
