0 0.110 0.590 0.080 0.180
0 0.070 0.272 0.065 0.146
0 0.139 0.124 0.058 0.150
0 0.228 0.517 0.065 0.170
0 0.168 0.413 0.055 0.136
0 0.335 0.600 0.060 0.199
0 0.275 0.939 0.095 0.121
0 0.430 0.903 0.110 0.194
0 0.422 0.364 0.070 0.175
0 0.344 0.248 0.062 0.146
0 0.547 0.383 0.060 0.146
0 0.581 0.789 0.083 0.160
0 0.631 0.590 0.062 0.180
0 0.608 0.330 0.065 0.165
0 0.665 0.131 0.055 0.136
2 0.539 0.097 0.048 0.097
0 0.769 0.422 0.058 0.146
0 0.810 0.684 0.090 0.204
0 0.861 0.655 0.058 0.155
0 0.968 0.461 0.070 0.184
0 0.929 0.206 0.062 0.150
0 0.946 0.061 0.052 0.092
0 0.851 0.367 0.068 0.141
0 0.976 0.893 0.048 0.214
