2 0.049 0.040 0.058 0.073
0 0.050 0.350 0.055 0.093
0 0.245 0.267 0.060 0.080
0 0.284 0.068 0.062 0.090
2 0.062 0.473 0.050 0.087
0 0.024 0.882 0.043 0.130
0 0.098 0.785 0.070 0.117
1 0.145 0.715 0.055 0.110
0 0.250 0.490 0.055 0.093
0 0.494 0.138 0.062 0.077
0 0.486 0.270 0.068 0.093
0 0.504 0.423 0.062 0.093
0 0.367 0.925 0.070 0.110
0 0.524 0.750 0.072 0.093
0 0.578 0.825 0.075 0.110
0 0.662 0.487 0.055 0.087
0 0.684 0.265 0.062 0.090
0 0.777 0.260 0.060 0.100
0 0.858 0.083 0.045 0.073
0 0.939 0.342 0.068 0.083
0 0.969 0.640 0.062 0.087
