0 0.091 0.830 0.062 0.087
0 0.221 0.830 0.058 0.087
0 0.333 0.858 0.055 0.083
0 0.506 0.903 0.068 0.087
0 0.796 0.770 0.062 0.073
0 0.955 0.838 0.055 0.050
0 0.666 0.662 0.058 0.077
0 0.851 0.510 0.048 0.060
0 0.981 0.572 0.033 0.063
0 0.721 0.507 0.037 0.053
0 0.545 0.682 0.055 0.070
0 0.410 0.648 0.055 0.070
0 0.228 0.592 0.030 0.077
0 0.190 0.577 0.055 0.080
0 0.122 0.573 0.050 0.073
0 0.015 0.547 0.025 0.073
0 0.022 0.395 0.040 0.043
0 0.133 0.393 0.045 0.060
0 0.265 0.432 0.040 0.057
0 0.345 0.423 0.045 0.060
0 0.471 0.483 0.052 0.060
0 0.573 0.497 0.050 0.060
0 0.966 0.357 0.043 0.060
0 0.816 0.320 0.028 0.060
0 0.725 0.308 0.040 0.063
0 0.652 0.307 0.045 0.047
0 0.540 0.253 0.040 0.060
0 0.485 0.260 0.035 0.060
0 0.375 0.217 0.035 0.060
0 0.294 0.233 0.033 0.053
0 0.181 0.207 0.033 0.053
0 0.087 0.205 0.040 0.063
0 0.021 0.195 0.037 0.057
0 0.020 0.100 0.030 0.047
0 0.119 0.107 0.022 0.047
0 0.209 0.143 0.033 0.053
0 0.335 0.148 0.030 0.057
0 0.486 0.122 0.028 0.057
0 0.575 0.153 0.035 0.060
0 0.698 0.183 0.035 0.060
0 0.790 0.162 0.040 0.063
0 0.902 0.195 0.035 0.057
0 0.988 0.213 0.025 0.060
0 0.818 0.063 0.030 0.047
0 0.743 0.072 0.035 0.050
0 0.644 0.065 0.033 0.057
0 0.600 0.023 0.025 0.040
0 0.516 0.060 0.033 0.047
0 0.449 0.063 0.033 0.040
0 0.381 0.050 0.033 0.047
0 0.294 0.033 0.037 0.047
0 0.177 0.055 0.025 0.037
0 0.113 0.027 0.025 0.047
