2 0.138 0.442 0.065 0.106
2 0.144 0.303 0.058 0.084
0 0.217 0.283 0.050 0.071
2 0.276 0.345 0.048 0.080
0 0.307 0.268 0.045 0.084
2 0.236 0.199 0.052 0.097
0 0.130 0.626 0.050 0.146
2 0.195 0.684 0.075 0.146
2 0.265 0.794 0.075 0.155
0 0.371 0.872 0.098 0.186
0 0.372 0.515 0.065 0.128
0 0.371 0.350 0.062 0.088
2 0.369 0.179 0.037 0.066
0 0.464 0.190 0.043 0.097
0 0.445 0.246 0.030 0.084
0 0.511 0.188 0.043 0.084
2 0.573 0.137 0.040 0.080
2 0.621 0.210 0.062 0.111
0 0.465 0.451 0.055 0.106
0 0.458 0.626 0.065 0.102
0 0.564 0.511 0.062 0.128
2 0.484 0.801 0.043 0.106
2 0.434 0.838 0.043 0.155
0 0.618 0.905 0.090 0.164
0 0.645 0.562 0.070 0.124
0 0.704 0.788 0.052 0.150
0 0.680 0.409 0.050 0.093
0 0.759 0.529 0.058 0.111
2 0.680 0.124 0.050 0.088
2 0.677 0.243 0.040 0.062
2 0.728 0.153 0.045 0.075
0 0.820 0.119 0.035 0.080
2 0.762 0.257 0.045 0.080
0 0.840 0.509 0.070 0.080
2 0.892 0.743 0.080 0.124
