0 0.196 0.449 0.077 0.146
2 0.393 0.615 0.140 0.292
0 0.092 0.343 0.060 0.119
1 0.168 0.179 0.045 0.102
2 0.223 0.332 0.055 0.088
0 0.284 0.261 0.052 0.080
0 0.350 0.241 0.060 0.084
0 0.427 0.288 0.050 0.080
0 0.474 0.358 0.058 0.106
0 0.549 0.369 0.068 0.084
2 0.465 0.173 0.035 0.071
0 0.381 0.100 0.022 0.040
0 0.468 0.084 0.025 0.044
0 0.676 0.458 0.092 0.155
0 0.131 0.206 0.037 0.084
0 0.268 0.184 0.045 0.066
0 0.578 0.060 0.015 0.031
0 0.799 0.903 0.068 0.186
0 0.841 0.542 0.087 0.173
0 0.826 0.290 0.068 0.102
0 0.819 0.427 0.037 0.093
0 0.779 0.210 0.043 0.102
0 0.871 0.175 0.033 0.066
