2 0.061 0.485 0.092 0.139
2 0.089 0.124 0.068 0.097
0 0.147 0.092 0.055 0.094
0 0.311 0.047 0.058 0.086
2 0.230 0.118 0.070 0.109
2 0.265 0.285 0.045 0.075
2 0.217 0.479 0.085 0.127
2 0.159 0.642 0.107 0.109
0 0.212 0.878 0.130 0.221
2 0.360 0.661 0.140 0.161
2 0.326 0.380 0.092 0.124
2 0.346 0.139 0.072 0.075
2 0.440 0.154 0.065 0.090
0 0.501 0.116 0.072 0.097
0 0.490 0.352 0.090 0.127
2 0.571 0.264 0.062 0.101
2 0.631 0.114 0.077 0.116
2 0.736 0.110 0.068 0.079
2 0.746 0.270 0.062 0.090
0 0.682 0.429 0.100 0.154
2 0.636 0.667 0.092 0.127
0 0.755 0.798 0.100 0.142
0 0.830 0.500 0.090 0.139
2 0.868 0.148 0.060 0.094
2 0.978 0.090 0.050 0.075
0 0.926 0.318 0.072 0.097
