2 0.022 0.217 0.035 0.060
2 0.069 0.188 0.048 0.070
2 0.131 0.180 0.033 0.053
2 0.136 0.237 0.022 0.073
2 0.064 0.393 0.033 0.060
0 0.094 0.515 0.058 0.097
1 0.147 0.625 0.060 0.103
2 0.285 0.955 0.085 0.090
2 0.285 0.048 0.030 0.050
2 0.297 0.165 0.040 0.070
2 0.349 0.207 0.033 0.073
2 0.383 0.220 0.030 0.073
2 0.264 0.380 0.043 0.067
0 0.334 0.538 0.048 0.090
0 0.416 0.533 0.043 0.087
2 0.499 0.208 0.033 0.057
2 0.534 0.210 0.028 0.060
0 0.588 0.262 0.030 0.097
2 0.675 0.132 0.045 0.090
2 0.757 0.162 0.035 0.063
0 0.886 0.158 0.052 0.090
0 0.873 0.313 0.050 0.113
2 0.287 0.053 0.035 0.040
