0 0.085 0.236 0.045 0.067
0 0.189 0.118 0.033 0.049
0 0.256 0.285 0.043 0.060
0 0.371 0.090 0.033 0.045
0 0.415 0.148 0.040 0.064
0 0.519 0.358 0.052 0.086
0 0.456 0.084 0.037 0.056
0 0.520 0.094 0.035 0.052
0 0.620 0.268 0.045 0.071
0 0.608 0.210 0.035 0.052
2 0.422 0.079 0.025 0.030
2 0.594 0.103 0.022 0.041
0 0.600 0.043 0.025 0.034
0 0.666 0.137 0.033 0.041
2 0.630 0.026 0.025 0.037
1 0.698 0.079 0.025 0.045
0 0.750 0.058 0.030 0.049
0 0.769 0.062 0.013 0.034
2 0.728 0.054 0.020 0.034
2 0.882 0.060 0.030 0.037
0 0.955 0.101 0.030 0.045
