0 0.792 0.728 0.100 0.154
2 0.836 0.526 0.077 0.116
2 0.449 0.560 0.077 0.116
0 0.524 0.699 0.102 0.146
0 0.960 0.549 0.060 0.086
0 0.189 0.631 0.083 0.154
0 0.077 0.509 0.055 0.090
0 0.268 0.586 0.045 0.101
0 0.354 0.534 0.052 0.079
0 0.394 0.493 0.058 0.109
0 0.520 0.489 0.060 0.094
0 0.570 0.489 0.040 0.071
0 0.615 0.395 0.030 0.056
0 0.729 0.360 0.043 0.052
2 0.300 0.494 0.040 0.075
0 0.122 0.414 0.035 0.056
0 0.375 0.390 0.045 0.067
2 0.474 0.341 0.033 0.052
0 0.517 0.318 0.015 0.037
0 0.644 0.313 0.018 0.034
0 0.426 0.337 0.022 0.037
0 0.255 0.300 0.020 0.030
0 0.688 0.373 0.035 0.049
0 0.580 0.429 0.030 0.056
0 0.916 0.316 0.022 0.041
0 0.961 0.307 0.022 0.045
0 0.784 0.350 0.018 0.034
0 0.940 0.303 0.020 0.037
