0 0.048 0.488 0.020 0.046
0 0.135 0.551 0.035 0.069
0 0.184 0.530 0.058 0.120
0 0.231 0.505 0.033 0.069
0 0.323 0.680 0.060 0.106
0 0.049 0.422 0.013 0.023
0 0.095 0.419 0.015 0.028
0 0.119 0.429 0.022 0.037
0 0.141 0.426 0.018 0.032
0 0.297 0.435 0.025 0.051
0 0.321 0.454 0.018 0.032
0 0.336 0.514 0.028 0.041
0 0.360 0.412 0.015 0.032
0 0.444 0.477 0.028 0.041
0 0.422 0.647 0.030 0.051
0 0.497 0.468 0.020 0.060
0 0.539 0.502 0.033 0.065
0 0.526 0.624 0.043 0.134
0 0.466 0.378 0.018 0.037
0 0.424 0.382 0.022 0.037
0 0.644 0.507 0.043 0.065
0 0.579 0.438 0.022 0.037
0 0.680 0.371 0.015 0.032
0 0.667 0.332 0.015 0.028
0 0.780 0.696 0.130 0.249
0 0.963 0.419 0.040 0.092
0 0.875 0.454 0.025 0.051
0 0.076 0.599 0.018 0.037
0 0.065 0.415 0.015 0.028
