0 0.086 0.271 0.043 0.086
0 0.168 0.318 0.050 0.073
0 0.301 0.237 0.028 0.057
0 0.356 0.298 0.048 0.098
0 0.372 0.239 0.030 0.061
0 0.407 0.280 0.040 0.078
0 0.455 0.478 0.050 0.082
0 0.435 0.257 0.015 0.057
0 0.479 0.276 0.028 0.061
0 0.527 0.271 0.030 0.069
0 0.561 0.278 0.043 0.082
0 0.614 0.306 0.037 0.065
0 0.651 0.333 0.037 0.078
0 0.714 0.355 0.052 0.082
0 0.721 0.218 0.022 0.053
0 0.770 0.259 0.035 0.069
2 0.807 0.259 0.035 0.061
0 0.840 0.251 0.020 0.045
0 0.882 0.241 0.040 0.065
0 0.939 0.259 0.048 0.078
