0 0.019 0.520 0.022 0.044
0 0.077 0.809 0.020 0.036
0 0.075 0.498 0.025 0.044
0 0.140 0.507 0.025 0.053
2 0.120 0.633 0.025 0.049
2 0.168 0.716 0.020 0.044
0 0.135 0.378 0.025 0.044
0 0.186 0.387 0.013 0.044
2 0.149 0.273 0.022 0.040
0 0.094 0.158 0.018 0.040
0 0.275 0.691 0.030 0.058
0 0.341 0.900 0.033 0.058
0 0.305 0.627 0.025 0.053
2 0.300 0.487 0.020 0.040
0 0.278 0.418 0.020 0.044
0 0.375 0.493 0.020 0.044
0 0.395 0.702 0.030 0.053
0 0.431 0.818 0.028 0.062
0 0.400 0.804 0.030 0.062
0 0.484 0.920 0.018 0.044
0 0.494 0.660 0.028 0.058
0 0.476 0.609 0.033 0.036
0 0.454 0.458 0.028 0.044
0 0.361 0.378 0.028 0.044
0 0.234 0.264 0.022 0.031
2 0.223 0.224 0.020 0.040
2 0.280 0.276 0.025 0.044
2 0.315 0.249 0.020 0.036
0 0.384 0.278 0.022 0.040
0 0.362 0.211 0.025 0.040
0 0.279 0.084 0.018 0.036
0 0.315 0.053 0.015 0.036
0 0.341 0.169 0.018 0.036
0 0.417 0.162 0.020 0.031
0 0.256 0.209 0.018 0.036
0 0.440 0.380 0.025 0.040
0 0.476 0.322 0.022 0.049
0 0.509 0.369 0.022 0.044
0 0.520 0.487 0.020 0.040
0 0.634 0.882 0.033 0.058
0 0.677 0.971 0.035 0.058
0 0.625 0.576 0.025 0.040
0 0.632 0.409 0.025 0.036
0 0.564 0.387 0.022 0.044
0 0.583 0.351 0.020 0.036
0 0.589 0.284 0.018 0.036
0 0.532 0.209 0.020 0.036
0 0.333 0.020 0.015 0.031
2 0.421 0.051 0.013 0.031
0 0.453 0.036 0.020 0.036
0 0.521 0.080 0.018 0.036
0 0.565 0.033 0.015 0.031
0 0.654 0.142 0.018 0.036
2 0.676 0.116 0.018 0.027
0 0.665 0.287 0.020 0.031
0 0.703 0.398 0.020 0.040
0 0.733 0.618 0.030 0.053
0 0.729 0.449 0.022 0.044
0 0.752 0.498 0.025 0.044
0 0.766 0.422 0.022 0.044
0 0.761 0.591 0.022 0.044
0 0.710 0.078 0.015 0.031
0 0.671 0.020 0.018 0.031
0 0.736 0.020 0.013 0.031
0 0.771 0.038 0.013 0.031
2 0.772 0.082 0.015 0.031
2 0.745 0.162 0.015 0.031
0 0.812 0.211 0.020 0.040
0 0.866 0.118 0.018 0.031
2 0.877 0.018 0.015 0.027
0 0.911 0.113 0.018 0.031
0 0.897 0.187 0.020 0.036
0 0.891 0.264 0.022 0.040
0 0.859 0.296 0.018 0.040
0 0.912 0.313 0.020 0.040
0 0.954 0.253 0.013 0.027
0 0.925 0.382 0.025 0.044
0 0.958 0.460 0.025 0.040
0 0.970 0.311 0.020 0.044
0 0.860 0.080 0.015 0.027
0 0.990 0.680 0.020 0.053
0 0.989 0.589 0.022 0.049
0 0.941 0.516 0.022 0.036
